#the number of patterns to be recognized
5

#marker 1
data/key_1.patt
48.0
0.0 0.0
1.0000 0.0000 0.0000 34.0000
0.0000 1.0000 0.0000 -34.0000
0.0000 0.0000 1.0000 0.0000

#marker 2
data/key_2.patt
48.0
0.0 0.0
1.0000 0.0000 0.0000 92.0000
0.0000 1.0000 0.0000 -34.0000
0.0000 0.0000 1.0000 0.0000

#marker 3
data/key_3.patt
48.0
0.0 0.0
1.0000 0.0000 0.0000 150.0000
0.0000 1.0000 0.0000 -34.0000
0.0000 0.0000 1.0000 0.0000

#marker 4
data/key_4.patt
48.0
0.0 0.0
1.0000 0.0000 0.0000 208.0000
0.0000 1.0000 0.0000 -34.0000
0.0000 0.0000 1.0000 0.0000

#marker 5
data/key_5.patt
48.0
0.0 0.0
1.0000 0.0000 0.0000 266.0000
0.0000 1.0000 0.0000 -34.0000
0.0000 0.0000 1.0000 0.0000


